101 102 101 103 104 105 101 106 107
200 200 200 300 400 500 600 700 800
1 2 3 4 5 6 7 8 9
10 10 10 11 12 13 14 15 16
20 21 22 23 24 25 26 27 28
29 30 31 32 33 34 35 36 37
38 39 40 41 42 43 44 45 46
47 48 49 50 51 52 53 54 55
56 57 58 59 60 61 62 63 64
65 66 67 68 69 70 71 72 73
74 75 76 77 78 79 80 81 82
83 84 85 86 87 88 89 90 91
999 888 777 666 555 444 333 222 111
999 999 888 888 777 777 666 666 555
555 444 444 333 333 222 222 111 111
1111 2222 3333 4444 5555 6666 7777 8888 9999
1111 1111 2222 2222 3333 3333 4444 4444 5555
5555 6666 6666 7777 7777 8888 8888 9999 9999
500 500 400 400 300 300 123 123 123
7777777 7777777 7777777 0 0 0 1 1 1
